$ 1 0.000005 10.20027730826997 50 5 43 5e-11
a 256 608 432 608 8 3.3 0 1000000 -0.0000010892325742984092 0 100000
r 256 544 384 544 0 16000
r 256 592 144 592 0 100000
r 256 512 128 512 0 100000
R 128 512 32 512 0 0 40 -10 0 0 0.5
R 144 592 64 592 0 1 40 10 0 0 0.5
w 256 512 256 544 0
w 256 544 256 592 0
w 432 608 432 544 0
w 432 544 384 544 0
c 272 480 384 480 0 4.700000000000001e-9 -0.10892434666241523 0.001
w 384 480 432 480 0
w 432 480 432 544 0
w 256 512 256 480 0
w 256 480 272 480 0
w 432 608 496 608 0
x 79 626 170 629 4 24 \p/-\s10V
x 447 592 972 595 4 24 scaled/offset\sto\s0->3V2.\sE24\shas\s1.6\svalues
x 443 555 864 558 4 24 16K\q\q0->3V2(E24),\s16.5K\q\q\s3V3
x 448 361 726 364 4 24 15K\q\q3V0\s(E12\svalue)
x 453 402 816 405 4 24 scaled/offset\sto\s0->3V0.\s(E12)
x 73 433 164 436 4 24 \p/-\s10V
w 432 416 496 416 0
w 256 288 272 288 0
w 256 320 256 288 0
w 432 288 432 352 0
w 384 288 432 288 0
c 272 288 384 288 0 4.700000000000001e-9 -0.10272884697790871 0.001
w 432 352 384 352 0
w 432 416 432 352 0
w 256 352 256 400 0
w 256 320 256 352 0
R 144 400 64 400 0 1 40 10 0 0 0.5
R 128 320 32 320 0 0 40 -10 0 0 0.5
r 256 320 128 320 0 100000
r 256 400 144 400 0 100000
r 256 352 384 352 0 15000
a 256 416 432 416 8 3.3 0 1000000 -0.0000010272781969971172 0 100000
x 449 210 699 213 4 24 3V3\sout\sscaled\s(E12)
a 256 224 432 224 8 3.3 0 1000000 -0.0000010154725565024748 0 100000
r 256 160 384 160 0 33000
r 256 208 144 208 0 100000
r 256 128 128 128 0 200000
R 128 128 32 128 0 0 40 -10 0 0 0.5
R 144 208 64 208 0 1 40 5 0 0 0.5
w 256 128 256 160 0
w 256 160 256 208 0
w 432 224 432 160 0
w 432 160 384 160 0
c 272 96 384 96 0 4.700000000000001e-9 -0.10154827112280397 0.001
w 384 96 432 96 0
w 432 96 432 160 0
w 256 128 256 96 0
w 256 96 272 96 0
w 432 224 496 224 0
x 82 243 158 246 4 24 \p/-\s5V
g 256 240 224 240 0 0
g 256 432 240 432 0 0
g 256 624 224 624 0 0
o 5 64 0 4867 10 0.0001953125 0 2 5 3
o 54 64 0 4099 5 0.00009765625 1 2 54 3
o 22 64 0 4099 5 0.00009765625 2 2 22 3
o 15 64 0 4099 5 0.00009765625 3 2 15 3
