$ 1 0.000005 10.20027730826997 50 5 43 5e-11
R 176 224 112 224 0 1 40 5 0 0 0.5
g 256 256 256 288 0 0
g 432 304 432 320 0 0
c 368 240 432 240 0 0.00001 -0.06690184432516576 0.001
174 432 304 464 240 1 100000 0.9752000000000001 Resistance
w 368 160 368 192 0
w 256 160 256 192 0
c 256 160 368 160 0 1e-11 -0.09533760080360683 0.001
w 256 224 256 192 0
w 368 192 368 240 0
r 256 192 368 192 0 39000
r 256 224 176 224 0 100000
a 256 240 368 240 8 12 -12 1000000 -9.533664743713245e-7 0 100000
w 656 288 704 288 0
g 528 304 528 320 0 0
r 528 272 464 272 0 10000
w 528 272 528 240 0
w 656 288 656 240 0
w 656 208 656 240 0
w 528 208 528 240 0
c 528 208 656 208 0 1e-11 0.12736333385222545 0.001
r 528 240 656 240 0 10000
a 528 288 656 288 8 12 -12 1000000 0.0000012736206023162314 0 100000
p 464 272 496 208 1 0 0
r 704 288 784 288 0 1000
d 704 288 704 224 2 default
d 704 336 704 288 2 default
g 624 352 624 368 0 0
R 704 224 720 192 0 0 40 12 0 0 0.5
x 82 264 180 267 4 24 \p/-5V\sAC
x 294 383 496 386 4 24 100K\sLin\spot\s(dual)
x 94 333 275 336 4 24 opamps\q\qTL704
R 704 336 720 368 0 0 40 -12 0 0 0.5
p 784 288 784 336 1 0 0
x 664 123 748 126 4 24 1N4148
w 176 224 176 64 0
r 176 64 272 64 0 100000
r 304 48 304 0 0 1000
162 304 -64 304 0 2 default-led 1 0 0 0.01
R 304 -64 256 -64 0 0 40 12 0 0 0.5
g 304 80 368 80 0 0
t 272 64 304 64 0 1 -12.222582009980776 -0.24494460794492934 100 default
o 0 64 0 28930 4.999999999999991 0.0001 0 2 0 3
o 23 64 0 28930 1.5303703016481072 0.0001 1 1
o 33 64 0 28930 1.5303397095856581 0.0001 2 1
o 38 64 0 28930 1.7041926352785062 0.0001 3 2 38 3
